[14512.713798] [Project 1] 7920 1588079863.497348292 1588079864.279074012
[14514.257229] [Project 1] 7921 1588079865.060952886 1588079865.822445214
[14515.820936] [Project 1] 7922 1588079866.600380293 1588079867.386090280
[14517.384391] [Project 1] 7923 1588079868.166767624 1588079868.949484295
[14518.918855] [Project 1] 7924 1588079869.715875325 1588079870.483888332
[14520.464461] [Project 1] 7925 1588079871.255295558 1588079872.029434174
[14522.012399] [Project 1] 7926 1588079872.806748537 1588079873.577311414
[14523.557423] [Project 1] 7927 1588079874.350197874 1588079875.122272849
[14525.104919] [Project 1] 7928 1588079875.891070872 1588079876.669708919
[14526.664813] [Project 1] 7929 1588079877.446120781 1588079878.229542550
